{
    "0": {
        "mode": "ground_plane",
        "use_ransac": 10,
        "rep_err": 5.838414794931142,
        "cam_params": {
            "pan_degrees": -17.565029403584525,
            "tilt_degrees": 77.00386411378389,
            "roll_degrees": 1.0535052963337865,
            "x_focal_length": 1504.8112659766687,
            "y_focal_length": 1504.8112659766687,
            "principal_point": [
                479.5,
                269.5
            ],
            "position_meters": [
                -1.2516958552051927,
                68.99048964687148,
                -14.422392733600859
            ],
            "rotation_matrix": [
                [
                    0.9544617076012781,
                    -0.2977950575886266,
                    0.017915144393472554
                ],
                [
                    0.05032738789102205,
                    0.21991253478134637,
                    0.9742205248680146
                ],
                [
                    -0.2940578221216348,
                    -0.9289545633247246,
                    0.22488534084562137
                ]
            ],
            "radial_distortion": [
                0.0,
                0.0,
                0.0,
                0.0,
                0.0,
                0.0
            ],
            "tangential_distortion": [
                0.0,
                0.0
            ],
            "thin_prism_distortion": [
                0.0,
                0.0,
                0.0,
                0.0
            ]
        },
        "calib_plane": 0
    },
    "1": {
        "mode": "ground_plane",
        "use_ransac": 5,
        "rep_err": 6.10589819142121,
        "cam_params": {
            "pan_degrees": -17.37885160588873,
            "tilt_degrees": 77.05397774983904,
            "roll_degrees": 0.9584012610540343,
            "x_focal_length": 1514.2201715771414,
            "y_focal_length": 1514.2201715771414,
            "principal_point": [
                479.5,
                269.5
            ],
            "position_meters": [
                -1.5876168676186706,
                69.21422709265548,
                -14.41625105601431
            ],
            "rotation_matrix": [
                [
                    0.9553364016754423,
                    -0.2950705453181597,
                    0.01630131649475003
                ],
                [
                    0.05094380992271548,
                    0.21877214429095204,
                    0.9744452150392536
                ],
                [
                    -0.29109635494862585,
                    -0.9300925341964544,
                    0.2240330108882191
                ]
            ],
            "radial_distortion": [
                0.0,
                0.0,
                0.0,
                0.0,
                0.0,
                0.0
            ],
            "tangential_distortion": [
                0.0,
                0.0
            ],
            "thin_prism_distortion": [
                0.0,
                0.0,
                0.0,
                0.0
            ]
        },
        "calib_plane": 0
    },
    "2": {
        "mode": "ground_plane",
        "use_ransac": 10,
        "rep_err": 5.8419005208335095,
        "cam_params": {
            "pan_degrees": -17.587116149429825,
            "tilt_degrees": 77.0166825656895,
            "roll_degrees": 1.0200035276582855,
            "x_focal_length": 1515.7740202444245,
            "y_focal_length": 1515.7740202444245,
            "principal_point": [
                479.5,
                269.5
            ],
            "position_meters": [
                -1.113051955377195,
                69.38466271513377,
                -14.521928525125277
            ],
            "rotation_matrix": [
                [
                    0.9543160282107799,
                    -0.29829519089783535,
                    0.01734639406982058
                ],
                [
                    0.05090431160629978,
                    0.21951096296281664,
                    0.974281113539119
                ],
                [
                    -0.29443109441750587,
                    -0.9288890763844522,
                    0.2246673416715229
                ]
            ],
            "radial_distortion": [
                0.0,
                0.0,
                0.0,
                0.0,
                0.0,
                0.0
            ],
            "tangential_distortion": [
                0.0,
                0.0
            ],
            "thin_prism_distortion": [
                0.0,
                0.0,
                0.0,
                0.0
            ]
        },
        "calib_plane": 0
    },
    "3": {
        "mode": "ground_plane",
        "use_ransac": 10,
        "rep_err": 5.587842362267821,
        "cam_params": {
            "pan_degrees": -17.07686036912106,
            "tilt_degrees": 76.95140379780281,
            "roll_degrees": 1.3660705747282138,
            "x_focal_length": 1430.948494569097,
            "y_focal_length": 1430.948494569097,
            "principal_point": [
                479.5,
                269.5
            ],
            "position_meters": [
                -2.927913847667977,
                65.77567410333393,
                -13.512047928836978
            ],
            "rotation_matrix": [
                [
                    0.9572206174610969,
                    -0.2884255672720891,
                    0.023224591517828408
                ],
                [
                    0.0434925607943574,
                    0.2227626821589843,
                    0.9739020405527881
                ],
                [
                    -0.2860718208124413,
                    -0.9312290156460488,
                    0.22577739868274138
                ]
            ],
            "radial_distortion": [
                0.0,
                0.0,
                0.0,
                0.0,
                0.0,
                0.0
            ],
            "tangential_distortion": [
                0.0,
                0.0
            ],
            "thin_prism_distortion": [
                0.0,
                0.0,
                0.0,
                0.0
            ]
        },
        "calib_plane": 0
    },
    "4": {
        "mode": "ground_plane",
        "use_ransac": 5,
        "rep_err": 5.927575779769449,
        "cam_params": {
            "pan_degrees": -16.642303883825562,
            "tilt_degrees": 76.97027248339188,
            "roll_degrees": 1.4660352405957113,
            "x_focal_length": 1383.2861858002361,
            "y_focal_length": 1383.2861858002361,
            "principal_point": [
                479.5,
                269.5
            ],
            "position_meters": [
                -4.1458453607120385,
                63.77006528865621,
                -12.871430656623065
            ],
            "rotation_matrix": [
                [
                    0.9594497330830474,
                    -0.2807755729923985,
                    0.024925635351170095
                ],
                [
                    0.04003603521078285,
                    0.22326904793401975,
                    0.9739343140680676
                ],
                [
                    -0.2790220879634266,
                    -0.9334430940584577,
                    0.22545656917265275
                ]
            ],
            "radial_distortion": [
                0.0,
                0.0,
                0.0,
                0.0,
                0.0,
                0.0
            ],
            "tangential_distortion": [
                0.0,
                0.0
            ],
            "thin_prism_distortion": [
                0.0,
                0.0,
                0.0,
                0.0
            ]
        },
        "calib_plane": 0
    },
    "5": {
        "mode": "full",
        "use_ransac": 10,
        "rep_err": 6.393654806712932,
        "cam_params": {
            "pan_degrees": -17.593540487913362,
            "tilt_degrees": 77.0346299398964,
            "roll_degrees": 0.9289157748916493,
            "x_focal_length": 1514.776869563635,
            "y_focal_length": 1514.776869563635,
            "principal_point": [
                479.5,
                269.5
            ],
            "position_meters": [
                -1.1492867061990786,
                69.2953396420659,
                -14.471747184675184
            ],
            "rotation_matrix": [
                [
                    0.9541989080933097,
                    -0.2987554977344076,
                    0.015798619148569365
                ],
                [
                    0.052353707983818734,
                    0.2187396546590685,
                    0.9743777772198914
                ],
                [
                    -0.2945565023113226,
                    -0.928923094800155,
                    0.22436209771933843
                ]
            ],
            "radial_distortion": [
                0.0,
                0.0,
                0.0,
                0.0,
                0.0,
                0.0
            ],
            "tangential_distortion": [
                0.0,
                0.0
            ],
            "thin_prism_distortion": [
                0.0,
                0.0,
                0.0,
                0.0
            ]
        },
        "calib_plane": 0
    },
    "6": {
        "mode": "ground_plane",
        "use_ransac": 5,
        "rep_err": 6.871369339321323,
        "cam_params": {
            "pan_degrees": -16.139014440699473,
            "tilt_degrees": 76.91795838931161,
            "roll_degrees": 1.6079074292503073,
            "x_focal_length": 1321.9299755832924,
            "y_focal_length": 1321.9299755832924,
            "principal_point": [
                479.5,
                269.5
            ],
            "position_meters": [
                -5.3391031411803525,
                61.50902004860052,
                -12.213541412056598
            ],
            "rotation_matrix": [
                [
                    0.961977298377856,
                    -0.27175848464099833,
                    0.027331363509167164
                ],
                [
                    0.03593859151249397,
                    0.22513982738857527,
                    0.973663430433505
                ],
                [
                    -0.2707546768677137,
                    -0.9356598656291031,
                    0.2263460200780856
                ]
            ],
            "radial_distortion": [
                0.0,
                0.0,
                0.0,
                0.0,
                0.0,
                0.0
            ],
            "tangential_distortion": [
                0.0,
                0.0
            ],
            "thin_prism_distortion": [
                0.0,
                0.0,
                0.0,
                0.0
            ]
        },
        "calib_plane": 0
    },
    "7": {
        "mode": "ground_plane",
        "use_ransac": 5,
        "rep_err": 5.472501360151736,
        "cam_params": {
            "pan_degrees": -17.491623339434945,
            "tilt_degrees": 77.00327504476779,
            "roll_degrees": 1.1706151530934985,
            "x_focal_length": 1499.8917448412756,
            "y_focal_length": 1499.8917448412756,
            "principal_point": [
                479.5,
                269.5
            ],
            "position_meters": [
                -1.4284693957189887,
                68.77906812401469,
                -14.368107052710862
            ],
            "rotation_matrix": [
                [
                    0.9549428102270068,
                    -0.2961215420451285,
                    0.019906318910394516
                ],
                [
                    0.04809685418419421,
                    0.2205921043571083,
                    0.9741795605086812
                ],
                [
                    -0.29286673046512385,
                    -0.9293283358598929,
                    0.2248953586772094
                ]
            ],
            "radial_distortion": [
                0.0,
                0.0,
                0.0,
                0.0,
                0.0,
                0.0
            ],
            "tangential_distortion": [
                0.0,
                0.0
            ],
            "thin_prism_distortion": [
                0.0,
                0.0,
                0.0,
                0.0
            ]
        },
        "calib_plane": 0
    },
    "8": {
        "mode": "ground_plane",
        "use_ransac": 10,
        "rep_err": 6.0858430426363705,
        "cam_params": {
            "pan_degrees": -17.745748673368993,
            "tilt_degrees": 77.03661804258897,
            "roll_degrees": 0.9856390217462236,
            "x_focal_length": 1531.191947530054,
            "y_focal_length": 1531.191947530054,
            "principal_point": [
                479.5,
                269.5
            ],
            "position_meters": [
                -0.6965677798427479,
                69.98506265187949,
                -14.680412834158547
            ],
            "rotation_matrix": [
                [
                    0.9534536490619497,
                    -0.3010732933478477,
                    0.016763386386207224
                ],
                [
                    0.05198040625721895,
                    0.21886577430406168,
                    0.974369442359323
                ],
                [
                    -0.2970255484900026,
                    -0.9281447327173518,
                    0.2243282832663967
                ]
            ],
            "radial_distortion": [
                0.0,
                0.0,
                0.0,
                0.0,
                0.0,
                0.0
            ],
            "tangential_distortion": [
                0.0,
                0.0
            ],
            "thin_prism_distortion": [
                0.0,
                0.0,
                0.0,
                0.0
            ]
        },
        "calib_plane": 0
    },
    "9": {
        "mode": "ground_plane",
        "use_ransac": 10,
        "rep_err": 5.681826651961645,
        "cam_params": {
            "pan_degrees": -17.46961943476233,
            "tilt_degrees": 77.05502500516735,
            "roll_degrees": 1.0383063700742157,
            "x_focal_length": 1497.4392118028245,
            "y_focal_length": 1497.4392118028245,
            "principal_point": [
                479.5,
                269.5
            ],
            "position_meters": [
                -1.5330390074658506,
                68.592465031542,
                -14.284503936392877
            ],
            "rotation_matrix": [
                [
                    0.9549382574209947,
                    -0.296278647235206,
                    0.017660342755169978
                ],
                [
                    0.049953262466021914,
                    0.21908758052430874,
                    0.9744256275514335
                ],
                [
                    -0.2925706685277157,
                    -0.9296341190234364,
                    0.22401519739688344
                ]
            ],
            "radial_distortion": [
                0.0,
                0.0,
                0.0,
                0.0,
                0.0,
                0.0
            ],
            "tangential_distortion": [
                0.0,
                0.0
            ],
            "thin_prism_distortion": [
                0.0,
                0.0,
                0.0,
                0.0
            ]
        },
        "calib_plane": 0
    },
    "10": {
        "mode": "ground_plane",
        "use_ransac": 10,
        "rep_err": 5.621806451367132,
        "cam_params": {
            "pan_degrees": -17.55810536796399,
            "tilt_degrees": 76.99574457401532,
            "roll_degrees": 1.1142942032849068,
            "x_focal_length": 1507.6063375594033,
            "y_focal_length": 1507.6063375594033,
            "principal_point": [
                479.5,
                269.5
            ],
            "position_meters": [
                -1.224896692680412,
                69.11220652631401,
                -14.469690082031471
            ],
            "rotation_matrix": [
                [
                    0.9545513286533529,
                    -0.2974436574401026,
                    0.018948129585106555
                ],
                [
                    0.04932974070236859,
                    0.2203659421370611,
                    0.9741690963217232
                ],
                [
                    -0.29393594140281,
                    -0.9289596989077086,
                    0.2250234213519639
                ]
            ],
            "radial_distortion": [
                0.0,
                0.0,
                0.0,
                0.0,
                0.0,
                0.0
            ],
            "tangential_distortion": [
                0.0,
                0.0
            ],
            "thin_prism_distortion": [
                0.0,
                0.0,
                0.0,
                0.0
            ]
        },
        "calib_plane": 0
    },
    "11": {
        "mode": "ground_plane",
        "use_ransac": 10,
        "rep_err": 5.766359938027424,
        "cam_params": {
            "pan_degrees": -17.61598672453678,
            "tilt_degrees": 76.9920486492234,
            "roll_degrees": 1.139502535311745,
            "x_focal_length": 1505.3012874736828,
            "y_focal_length": 1505.3012874736828,
            "principal_point": [
                479.5,
                269.5
            ],
            "position_meters": [
                -1.169638917722507,
                69.01386654126637,
                -14.448287519851103
            ],
            "rotation_matrix": [
                [
                    0.9542724453863743,
                    -0.29830966033089984,
                    0.019376442644928105
                ],
                [
                    0.04915150612217588,
                    0.22050715652286626,
                    0.9741461509281458
                ],
                [
                    -0.2948698516671902,
                    -0.9286484482706377,
                    0.22508627257633002
                ]
            ],
            "radial_distortion": [
                0.0,
                0.0,
                0.0,
                0.0,
                0.0,
                0.0
            ],
            "tangential_distortion": [
                0.0,
                0.0
            ],
            "thin_prism_distortion": [
                0.0,
                0.0,
                0.0,
                0.0
            ]
        },
        "calib_plane": 0
    },
    "12": {
        "mode": "ground_plane",
        "use_ransac": 5,
        "rep_err": 6.490627988861101,
        "cam_params": {
            "pan_degrees": -16.173568416716666,
            "tilt_degrees": 76.93143419241815,
            "roll_degrees": 1.5715445814713938,
            "x_focal_length": 1331.3152910815431,
            "y_focal_length": 1331.3152910815431,
            "principal_point": [
                479.5,
                269.5
            ],
            "position_meters": [
                -5.1934235830361795,
                61.892511802696525,
                -12.323745094548373
            ],
            "rotation_matrix": [
                [
                    0.9617883926777181,
                    -0.27248743617596094,
                    0.026714880435123614
                ],
                [
                    0.036620980099795225,
                    0.2247252778623374,
                    0.9737337692132411
                ],
                [
                    -0.27133372721971316,
                    -0.9355475116828362,
                    0.22611692076691517
                ]
            ],
            "radial_distortion": [
                0.0,
                0.0,
                0.0,
                0.0,
                0.0,
                0.0
            ],
            "tangential_distortion": [
                0.0,
                0.0
            ],
            "thin_prism_distortion": [
                0.0,
                0.0,
                0.0,
                0.0
            ]
        },
        "calib_plane": 0
    },
    "13": {
        "mode": "ground_plane",
        "use_ransac": 5,
        "rep_err": 6.672744462138674,
        "cam_params": {
            "pan_degrees": -16.218795393986525,
            "tilt_degrees": 76.92646294777744,
            "roll_degrees": 1.5994813500370733,
            "x_focal_length": 1329.5738299987333,
            "y_focal_length": 1329.5738299987333,
            "principal_point": [
                479.5,
                269.5
            ],
            "position_meters": [
                -5.16413456453971,
                61.791713715499576,
                -12.297450426183048
            ],
            "rotation_matrix": [
                [
                    0.9615914895288653,
                    -0.27313469114810274,
                    0.027189111002174957
                ],
                [
                    0.03635309814854275,
                    0.2249106272615774,
                    0.9737010126316015
                ],
                [
                    -0.2720666453659112,
                    -0.9353141986713525,
                    0.22620143731441053
                ]
            ],
            "radial_distortion": [
                0.0,
                0.0,
                0.0,
                0.0,
                0.0,
                0.0
            ],
            "tangential_distortion": [
                0.0,
                0.0
            ],
            "thin_prism_distortion": [
                0.0,
                0.0,
                0.0,
                0.0
            ]
        },
        "calib_plane": 0
    },
    "14": {
        "mode": "ground_plane",
        "use_ransac": 10,
        "rep_err": 5.879830617327948,
        "cam_params": {
            "pan_degrees": -17.625081143463355,
            "tilt_degrees": 77.0279196237677,
            "roll_degrees": 1.027051386142601,
            "x_focal_length": 1518.7928417919238,
            "y_focal_length": 1518.7928417919238,
            "principal_point": [
                479.5,
                269.5
            ],
            "position_meters": [
                -1.0845648006641686,
                69.42244888731858,
                -14.524614476325874
            ],
            "rotation_matrix": [
                [
                    0.9541233992050626,
                    -0.2989037336982655,
                    0.017467028099058424
                ],
                [
                    0.050874529000565036,
                    0.21933184009035342,
                    0.9743230091820425
                ],
                [
                    -0.2950598606865183,
                    -0.9287357546168964,
                    0.22447622748931878
                ]
            ],
            "radial_distortion": [
                0.0,
                0.0,
                0.0,
                0.0,
                0.0,
                0.0
            ],
            "tangential_distortion": [
                0.0,
                0.0
            ],
            "thin_prism_distortion": [
                0.0,
                0.0,
                0.0,
                0.0
            ]
        },
        "calib_plane": 0
    },
    "15": {
        "mode": "full",
        "use_ransac": 10,
        "rep_err": 6.626842943914003,
        "cam_params": {
            "pan_degrees": -17.699239052996067,
            "tilt_degrees": 77.11404422958518,
            "roll_degrees": 0.7158003787728096,
            "x_focal_length": 1542.0996920102336,
            "y_focal_length": 1542.0996920102336,
            "principal_point": [
                479.5,
                269.5
            ],
            "position_meters": [
                -0.6698907423112082,
                70.41036546219121,
                -14.725566377253362
            ],
            "rotation_matrix": [
                [
                    0.953438183186962,
                    -0.30134253599461275,
                    0.012178129638028501
                ],
                [
                    0.05589324778404964,
                    0.2162365304322706,
                    0.9747398154167934
                ],
                [
                    -0.29636392441269893,
                    -0.9286734834735777,
                    0.2230111777462171
                ]
            ],
            "radial_distortion": [
                0.0,
                0.0,
                0.0,
                0.0,
                0.0,
                0.0
            ],
            "tangential_distortion": [
                0.0,
                0.0
            ],
            "thin_prism_distortion": [
                0.0,
                0.0,
                0.0,
                0.0
            ]
        },
        "calib_plane": 0
    },
    "16": {
        "mode": "main",
        "use_ransac": 5,
        "rep_err": 9.004530001901271,
        "cam_params": {
            "pan_degrees": -16.789641151892067,
            "tilt_degrees": 77.13749642237163,
            "roll_degrees": 0.780981256745336,
            "x_focal_length": 1455.4560880869317,
            "y_focal_length": 1455.4560880869317,
            "principal_point": [
                479.5,
                269.5
            ],
            "position_meters": [
                -3.00779666833838,
                67.02546342810109,
                -13.711592472878358
            ],
            "rotation_matrix": [
                [
                    0.9581592748710493,
                    -0.2859269599328003,
                    0.01328824902580314
                ],
                [
                    0.051248247917077605,
                    0.21704000486128006,
                    0.9748165229289281
                ],
                [
                    -0.2816104065264896,
                    -0.9333484932614411,
                    0.2226121494047056
                ]
            ],
            "radial_distortion": [
                0.0,
                0.0,
                0.0,
                0.0,
                0.0,
                0.0
            ],
            "tangential_distortion": [
                0.0,
                0.0
            ],
            "thin_prism_distortion": [
                0.0,
                0.0,
                0.0,
                0.0
            ]
        },
        "calib_plane": 0
    },
    "17": {
        "mode": "ground_plane",
        "use_ransac": 10,
        "rep_err": 5.5216937119274325,
        "cam_params": {
            "pan_degrees": -17.06557011592334,
            "tilt_degrees": 76.96633384289652,
            "roll_degrees": 1.3463972121035213,
            "x_focal_length": 1435.84406140496,
            "y_focal_length": 1435.84406140496,
            "principal_point": [
                479.5,
                269.5
            ],
            "position_meters": [
                -2.9417960149176037,
                65.92106782057337,
                -13.543600897593901
            ],
            "rotation_matrix": [
                [
                    0.9572607080725465,
                    -0.2883191164280374,
                    0.022891567936756174
                ],
                [
                    0.04370287903821954,
                    0.22242965132473266,
                    0.9739687410668418
                ],
                [
                    -0.2859055703273689,
                    -0.9313415792896362,
                    0.22552354099310404
                ]
            ],
            "radial_distortion": [
                0.0,
                0.0,
                0.0,
                0.0,
                0.0,
                0.0
            ],
            "tangential_distortion": [
                0.0,
                0.0
            ],
            "thin_prism_distortion": [
                0.0,
                0.0,
                0.0,
                0.0
            ]
        },
        "calib_plane": 0
    },
    "18": {
        "mode": "ground_plane",
        "use_ransac": 10,
        "rep_err": 6.105762838782412,
        "cam_params": {
            "pan_degrees": -17.766058218982817,
            "tilt_degrees": 77.03764925775896,
            "roll_degrees": 0.988174514226063,
            "x_focal_length": 1533.199669108646,
            "y_focal_length": 1533.199669108646,
            "principal_point": [
                479.5,
                269.5
            ],
            "position_meters": [
                -0.6456876356959962,
                70.0572773514737,
                -14.700752763866566
            ],
            "rotation_matrix": [
                [
                    0.9533490786582937,
                    -0.3014018468357805,
                    0.016806574468425317
                ],
                [
                    0.05201044475179328,
                    0.218843972689325,
                    0.9743727363048876
                ],
                [
                    -0.29735575975269535,
                    -0.9280432330131686,
                    0.22431074383622968
                ]
            ],
            "radial_distortion": [
                0.0,
                0.0,
                0.0,
                0.0,
                0.0,
                0.0
            ],
            "tangential_distortion": [
                0.0,
                0.0
            ],
            "thin_prism_distortion": [
                0.0,
                0.0,
                0.0,
                0.0
            ]
        },
        "calib_plane": 0
    },
    "19": {
        "mode": "ground_plane",
        "use_ransac": 10,
        "rep_err": 5.676516176552894,
        "cam_params": {
            "pan_degrees": -17.589776395715585,
            "tilt_degrees": 76.9918540254316,
            "roll_degrees": 1.114530106237358,
            "x_focal_length": 1509.304604924834,
            "y_focal_length": 1509.304604924834,
            "principal_point": [
                479.5,
                269.5
            ],
            "position_meters": [
                -1.1387215090061864,
                69.1952662136287,
                -14.498110686338576
            ],
            "rotation_matrix": [
                [
                    0.9543873592684131,
                    -0.29796911938238646,
                    0.01895184326524388
                ],
                [
                    0.0494676039979961,
                    0.22040292318467178,
                    0.9741537392046233
                ],
                [
                    -0.294444773469258,
                    -0.9287825124032736,
                    0.2250895822344973
                ]
            ],
            "radial_distortion": [
                0.0,
                0.0,
                0.0,
                0.0,
                0.0,
                0.0
            ],
            "tangential_distortion": [
                0.0,
                0.0
            ],
            "thin_prism_distortion": [
                0.0,
                0.0,
                0.0,
                0.0
            ]
        },
        "calib_plane": 0
    },
    "20": {
        "mode": "ground_plane",
        "use_ransac": 5,
        "rep_err": 6.241861025376036,
        "cam_params": {
            "pan_degrees": -17.46147624615946,
            "tilt_degrees": 77.074979700748,
            "roll_degrees": 0.9756081659027971,
            "x_focal_length": 1515.3633821808473,
            "y_focal_length": 1515.3633821808473,
            "principal_point": [
                479.5,
                269.5
            ],
            "position_meters": [
                -1.3771116240955052,
                69.27068028120915,
                -14.414419015978085
            ],
            "rotation_matrix": [
                [
                    0.9549234212291399,
                    -0.2963880121808019,
                    0.016595355481205443
                ],
                [
                    0.050865281106200824,
                    0.21844673161321695,
                    0.9745223181772136
                ],
                [
                    -0.2924619338752001,
                    -0.9297500587163283,
                    0.2236757598645014
                ]
            ],
            "radial_distortion": [
                0.0,
                0.0,
                0.0,
                0.0,
                0.0,
                0.0
            ],
            "tangential_distortion": [
                0.0,
                0.0
            ],
            "thin_prism_distortion": [
                0.0,
                0.0,
                0.0,
                0.0
            ]
        },
        "calib_plane": 0
    },
    "21": {
        "mode": "ground_plane",
        "use_ransac": 10,
        "rep_err": 6.012822143896249,
        "cam_params": {
            "pan_degrees": -17.554019531674633,
            "tilt_degrees": 77.04832112976504,
            "roll_degrees": 0.9996737038421856,
            "x_focal_length": 1514.67757584911,
            "y_focal_length": 1514.67757584911,
            "principal_point": [
                479.5,
                269.5
            ],
            "position_meters": [
                -1.2365686350508216,
                69.26315106316606,
                -14.447401373590735
            ],
            "rotation_matrix": [
                [
                    0.9544672690525475,
                    -0.2978307155469335,
                    0.0170028581177864
                ],
                [
                    0.050953900965262394,
                    0.21892169271183035,
                    0.9744111003250165
                ],
                [
                    -0.2939318497267594,
                    -0.9291771399130463,
                    0.22412922696341336
                ]
            ],
            "radial_distortion": [
                0.0,
                0.0,
                0.0,
                0.0,
                0.0,
                0.0
            ],
            "tangential_distortion": [
                0.0,
                0.0
            ],
            "thin_prism_distortion": [
                0.0,
                0.0,
                0.0,
                0.0
            ]
        },
        "calib_plane": 0
    },
    "22": {
        "mode": "ground_plane",
        "use_ransac": 10,
        "rep_err": 6.174175544676303,
        "cam_params": {
            "pan_degrees": -17.771011785595242,
            "tilt_degrees": 77.02227374706932,
            "roll_degrees": 0.9891656516277721,
            "x_focal_length": 1531.0903531262923,
            "y_focal_length": 1531.0903531262923,
            "principal_point": [
                479.5,
                269.5
            ],
            "position_meters": [
                -0.6235328688407277,
                70.02441260932935,
                -14.706243894463352
            ],
            "rotation_matrix": [
                [
                    0.9533252948576071,
                    -0.3014761837682375,
                    0.01682238999655336
                ],
                [
                    0.05209267733617633,
                    0.21909368222614994,
                    0.9743122247906651
                ],
                [
                    -0.29741761069682016,
                    -0.9279601656478184,
                    0.22457225077526388
                ]
            ],
            "radial_distortion": [
                0.0,
                0.0,
                0.0,
                0.0,
                0.0,
                0.0
            ],
            "tangential_distortion": [
                0.0,
                0.0
            ],
            "thin_prism_distortion": [
                0.0,
                0.0,
                0.0,
                0.0
            ]
        },
        "calib_plane": 0
    },
    "23": {
        "mode": "ground_plane",
        "use_ransac": 10,
        "rep_err": 5.57927529597031,
        "cam_params": {
            "pan_degrees": -16.898716970909774,
            "tilt_degrees": 76.95799765563558,
            "roll_degrees": 1.392349059717148,
            "x_focal_length": 1415.039902005302,
            "y_focal_length": 1415.039902005302,
            "principal_point": [
                479.5,
                269.5
            ],
            "position_meters": [
                -3.40065262479749,
                65.10534217262176,
                -13.305698909646102
            ],
            "rotation_matrix": [
                [
                    0.958131496100622,
                    -0.2853483441166675,
                    0.02367189662574551
                ],
                [
                    0.04232772140757385,
                    0.22292048630128317,
                    0.9739172556165345
                ],
                [
                    -0.2831826269043122,
                    -0.9321388197565186,
                    0.22566528426520943
                ]
            ],
            "radial_distortion": [
                0.0,
                0.0,
                0.0,
                0.0,
                0.0,
                0.0
            ],
            "tangential_distortion": [
                0.0,
                0.0
            ],
            "thin_prism_distortion": [
                0.0,
                0.0,
                0.0,
                0.0
            ]
        },
        "calib_plane": 0
    },
    "24": {
        "mode": "full",
        "use_ransac": 10,
        "rep_err": 6.405478514381052,
        "cam_params": {
            "pan_degrees": -17.630735843427168,
            "tilt_degrees": 77.02624424029997,
            "roll_degrees": 0.9227829856227515,
            "x_focal_length": 1519.0800159402402,
            "y_focal_length": 1519.0800159402402,
            "principal_point": [
                479.5,
                269.5
            ],
            "position_meters": [
                -1.0168767922562514,
                69.48870339392381,
                -14.538961088426987
            ],
            "rotation_matrix": [
                [
                    0.9539998317588481,
                    -0.29939610183780485,
                    0.01569379522027567
                ],
                [
                    0.05264100515730784,
                    0.21880948341821704,
                    0.9743466193004833
                ],
                [
                    -0.29514953088242823,
                    -0.9287003737323354,
                    0.2245047221091413
                ]
            ],
            "radial_distortion": [
                0.0,
                0.0,
                0.0,
                0.0,
                0.0,
                0.0
            ],
            "tangential_distortion": [
                0.0,
                0.0
            ],
            "thin_prism_distortion": [
                0.0,
                0.0,
                0.0,
                0.0
            ]
        },
        "calib_plane": 0
    },
    "25": {
        "mode": "ground_plane",
        "use_ransac": 5,
        "rep_err": 6.111295377679628,
        "cam_params": {
            "pan_degrees": -17.23305946866878,
